HOST compute1-exec-189.ris.wustl.edu  Tue Sep 29 05:07:30 PM UTC 2026  MODE=hyb
netCDF4 1.7.2 numpy 2.3.3
### readability check of every restart (open + close)
unreadable files: 0
########## run_M_week4x5: off vs hyb1 (per-day drift)
       day  identical                  O3                  OH                 NO2                  CO                HNO3                 SO4                ISOP                BCPI
                 vars     gmean       p99     gmean       p99     gmean       p99     gmean       p99     gmean       p99     gmean       p99     gmean       p99     gmean       p99
  20140702    2/375    1.54e-07  5.34e-06  3.67e-06  1.75e-03  3.19e-06  8.00e-04  2.40e-07  3.34e-06  8.33e-05  6.30e-03  5.26e-07  1.28e-05  9.32e-06  1.55e-03  1.62e-15  8.84e-15
  20140703    2/375    3.02e-07  1.56e-05  5.70e-06  2.46e-03  5.71e-06  1.52e-03  6.64e-07  1.09e-05  1.12e-04  1.12e-02  9.15e-07  2.20e-05  1.30e-05  1.91e-03  3.37e-15  1.02e-13
  20140704    2/375    4.14e-07  2.28e-05  6.54e-06  2.42e-03  5.69e-06  1.65e-03  9.62e-07  1.74e-05  1.11e-04  1.23e-02  1.05e-06  2.60e-05  1.27e-05  1.85e-03  4.07e-15  1.77e-13
  20140705    2/375    4.44e-07  2.68e-05  5.80e-06  2.57e-03  7.03e-06  1.72e-03  1.20e-06  2.21e-05  1.18e-04  1.28e-02  1.19e-06  2.77e-05  1.38e-05  1.88e-03  4.56e-15  3.73e-13
  20140706    2/375    4.76e-07  3.03e-05  5.89e-06  2.30e-03  6.43e-06  1.68e-03  1.37e-06  2.54e-05  1.22e-04  1.28e-02  1.25e-06  3.08e-05  1.28e-05  1.70e-03  5.16e-15  4.84e-13
  20140707    2/375    4.89e-07  3.22e-05  7.29e-06  2.23e-03  6.61e-06  1.77e-03  1.46e-06  2.76e-05  1.22e-04  1.32e-02  1.39e-06  3.00e-05  1.40e-05  1.77e-03  5.60e-15  6.69e-13
  20140708    2/375    5.25e-07  3.58e-05  6.04e-06  2.46e-03  8.29e-06  1.79e-03  1.59e-06  2.97e-05  1.21e-04  1.36e-02  1.42e-06  3.39e-05  1.19e-05  1.75e-03  5.63e-15  6.40e-13
########## run_M_week4x5: off vs hyb2 (per-day drift)
       day  identical                  O3                  OH                 NO2                  CO                HNO3                 SO4                ISOP                BCPI
                 vars     gmean       p99     gmean       p99     gmean       p99     gmean       p99     gmean       p99     gmean       p99     gmean       p99     gmean       p99
  20140702    2/375    1.17e-07  5.03e-06  3.18e-06  1.60e-03  2.43e-06  7.05e-04  2.09e-07  3.00e-06  7.34e-05  6.10e-03  5.16e-07  1.25e-05  9.95e-06  1.47e-03  1.76e-15  9.78e-15
  20140703    2/375    2.83e-07  1.50e-05  6.13e-06  2.35e-03  5.69e-06  1.40e-03  5.94e-07  1.06e-05  1.11e-04  1.12e-02  8.62e-07  2.01e-05  1.26e-05  1.80e-03  2.91e-15  8.76e-14
  20140704    2/375    3.63e-07  2.22e-05  6.21e-06  2.43e-03  5.43e-06  1.61e-03  8.92e-07  1.60e-05  1.09e-04  1.20e-02  1.03e-06  2.42e-05  1.22e-05  1.81e-03  3.60e-15  1.48e-13
  20140705    2/375    4.25e-07  2.71e-05  6.37e-06  2.43e-03  6.48e-06  1.70e-03  1.15e-06  2.07e-05  1.21e-04  1.33e-02  1.14e-06  2.77e-05  1.48e-05  1.96e-03  4.09e-15  2.08e-13
  20140706    2/375    4.65e-07  3.08e-05  6.22e-06  2.26e-03  6.54e-06  1.72e-03  1.37e-06  2.48e-05  1.18e-04  1.29e-02  1.30e-06  3.12e-05  1.21e-05  1.82e-03  4.64e-15  3.37e-13
  20140707    2/375    4.73e-07  3.25e-05  5.82e-06  2.28e-03  6.78e-06  1.75e-03  1.50e-06  2.76e-05  1.32e-04  1.40e-02  1.26e-06  3.05e-05  1.27e-05  1.87e-03  5.39e-15  4.44e-13
  20140708    2/375    5.09e-07  3.42e-05  4.86e-06  2.43e-03  7.97e-06  1.80e-03  1.59e-06  2.92e-05  1.23e-04  1.33e-02  1.31e-06  3.32e-05  1.00e-05  1.78e-03  5.43e-15  4.82e-13
########## run_N_week2x25: off vs hyb1 (per-day drift)
       day  identical                  O3                  OH                 NO2                  CO                HNO3                 SO4                ISOP                BCPI
                 vars     gmean       p99     gmean       p99     gmean       p99     gmean       p99     gmean       p99     gmean       p99     gmean       p99     gmean       p99
  20140702    2/375    1.84e-07  6.52e-06  4.26e-06  2.18e-03  3.45e-06  1.05e-03  2.51e-07  4.00e-06  1.01e-04  1.03e-02  7.43e-07  1.39e-05  9.32e-06  1.67e-03  1.68e-15  7.92e-15
  20140703    2/375    3.93e-07  1.64e-05  6.71e-06  3.10e-03  6.05e-06  1.85e-03  6.48e-07  1.10e-05  1.35e-04  1.59e-02  1.09e-06  2.67e-05  1.12e-05  2.27e-03  2.78e-15  3.41e-14
  20140704    2/375    4.96e-07  2.32e-05  6.61e-06  2.79e-03  7.06e-06  1.89e-03  9.35e-07  1.61e-05  1.37e-04  1.66e-02  1.28e-06  3.71e-05  1.19e-05  2.02e-03  3.27e-15  8.03e-14
  20140705    2/375    5.55e-07  2.75e-05  6.42e-06  2.69e-03  7.27e-06  1.89e-03  1.14e-06  1.97e-05  1.38e-04  1.70e-02  1.63e-06  4.60e-05  1.16e-05  2.11e-03  4.03e-15  1.32e-13
  20140706    2/375    6.16e-07  3.09e-05  7.12e-06  2.61e-03  7.94e-06  1.90e-03  1.29e-06  2.22e-05  1.47e-04  1.73e-02  1.66e-06  4.35e-05  1.35e-05  2.23e-03  5.24e-15  2.16e-13
  20140707    2/375    6.45e-07  3.37e-05  6.57e-06  2.74e-03  8.28e-06  1.93e-03  1.41e-06  2.40e-05  1.51e-04  1.74e-02  1.93e-06  4.26e-05  1.27e-05  2.08e-03  5.62e-15  3.26e-13
  20140708    2/375    6.59e-07  3.53e-05  7.30e-06  2.62e-03  8.14e-06  1.88e-03  1.50e-06  2.53e-05  1.39e-04  1.65e-02  3.08e-06  5.16e-05  1.30e-05  2.12e-03  5.82e-15  4.85e-13
########## run_N_week2x25: off vs hyb2 (per-day drift)
       day  identical                  O3                  OH                 NO2                  CO                HNO3                 SO4                ISOP                BCPI
                 vars     gmean       p99     gmean       p99     gmean       p99     gmean       p99     gmean       p99     gmean       p99     gmean       p99     gmean       p99
  20140702    2/375    1.79e-07  6.72e-06  4.63e-06  2.16e-03  3.67e-06  1.07e-03  2.50e-07  4.02e-06  9.91e-05  1.01e-02  6.23e-07  1.37e-05  9.63e-06  1.71e-03  1.73e-15  8.09e-15
  20140703    2/375    3.88e-07  1.72e-05  7.01e-06  2.94e-03  6.30e-06  1.83e-03  6.43e-07  1.10e-05  1.36e-04  1.61e-02  1.01e-06  2.61e-05  1.31e-05  2.22e-03  2.81e-15  3.56e-14
  20140704    2/375    4.85e-07  2.30e-05  7.01e-06  2.75e-03  7.23e-06  1.88e-03  8.91e-07  1.54e-05  1.38e-04  1.66e-02  1.14e-06  3.52e-05  1.34e-05  2.04e-03  3.28e-15  8.02e-14
  20140705    2/375    5.47e-07  2.76e-05  6.05e-06  2.65e-03  7.18e-06  1.85e-03  1.09e-06  1.90e-05  1.35e-04  1.66e-02  1.49e-06  4.25e-05  1.28e-05  2.08e-03  4.06e-15  1.46e-13
  20140706    2/375    6.00e-07  3.12e-05  7.33e-06  2.64e-03  7.74e-06  1.88e-03  1.24e-06  2.12e-05  1.43e-04  1.69e-02  2.10e-06  4.37e-05  1.30e-05  2.19e-03  5.13e-15  2.44e-13
  20140707    2/375    6.40e-07  3.37e-05  6.67e-06  2.74e-03  8.04e-06  1.93e-03  1.37e-06  2.31e-05  1.46e-04  1.72e-02  2.03e-06  4.51e-05  1.12e-05  2.19e-03  5.48e-15  3.69e-13
  20140708    2/375    6.57e-07  3.51e-05  7.23e-06  2.69e-03  8.04e-06  1.91e-03  1.47e-06  2.47e-05  1.42e-04  1.69e-02  2.44e-06  5.46e-05  1.21e-05  2.24e-03  5.69e-15  5.29e-13
DRIFT_DONE
